0 0
4 0
7 0
10 0
13 1389
16 2778
19 4167
22 6246
25 8325
28 10404
31 12276
34 14148
37 16020
40 17892
43 19839
47 21786
50 23733
53 25602
56 27471
59 29340
62 31419
65 33498
68 35577
71 37449
74 39321
77 41193
80 43065
83 45210
86 47355
89 49500
92 51366
95 53232
98 55098
102 56967
105 58836
111 60705
114 62781
117 64857
120 66933
123 68865
126 70797
129 72729
132 76338
135 79947
138 83556
141 86943
144 90330
147 93717
150 97104
153 99183
156 101262
159 103341
162 104100
166 104859
169 105618
172 105618
175 105618
178 105618
181 105618
184 105618
187 105618
190 105618
193 105618
196 105618
199 105618
202 105618
205 105618
208 105618
211 105618
214 105618
217 105618
220 105618
223 105618
226 105618
229 105618
232 105618
236 105618
