0 0
3 0
6 0
9 0
12 1719
15 3438
18 5157
21 7233
24 9309
27 11385
30 13461
33 15336
37 17211
40 19086
43 21021
46 22956
49 24891
52 26970
55 29049
58 31128
61 33207
64 35286
67 37365
70 39444
73 41328
76 43212
79 45096
82 47220
85 49344
88 51468
91 53331
94 55194
97 57057
100 58920
103 60792
110 62664
113 64740
116 66816
119 68892
122 71043
125 73194
128 75345
131 77496
134 80196
137 82896
140 85596
143 89550
146 93504
149 97458
152 99534
155 101610
158 103686
161 105066
164 106446
167 107826
170 109206
173 109206
176 109206
179 109206
182 109206
185 109206
188 109206
191 109206
195 109206
198 109206
201 109206
204 109206
207 109206
210 109206
213 109206
216 109206
219 109206
222 109206
225 109206
228 109206
231 109206
234 109206
237 109206
240 109206
