0 0
3 0
6 537
9 1074
12 1611
15 2148
18 4023
21 5898
24 7773
27 9855
30 11937
33 14019
36 15939
39 17859
42 19779
45 21699
48 23607
51 25515
54 27423
57 29505
60 31587
64 33669
67 35544
70 37419
73 39294
76 41211
79 43128
82 45045
85 46962
88 48834
91 50706
94 52578
97 54660
100 56742
103 58824
109 60702
112 62580
115 64458
118 66366
121 68274
124 70182
127 74346
130 78510
133 82674
136 85131
139 87588
142 90045
145 92502
148 94380
151 96258
155 98136
158 99261
161 100386
164 101511
167 101511
170 101511
173 101511
176 101511
179 101511
182 101511
185 101511
188 101511
191 101511
194 101511
197 101511
200 101511
203 101511
206 101511
209 101511
212 101511
215 101511
218 101511
221 101511
224 101511
227 101511
