0 0
3 0
6 0
9 0
13 1503
16 3006
19 4509
22 6516
25 8523
28 10530
31 12357
34 14184
37 16011
41 17856
44 19701
47 21546
50 23391
53 25170
56 26949
59 28728
62 30537
65 32346
68 34155
71 36138
75 38121
78 40104
81 42162
84 44220
87 46278
90 48270
93 50262
96 52254
99 54246
102 56016
108 57786
112 59736
115 61686
118 63636
121 65910
124 68184
127 70458
130 74673
133 78888
136 83103
140 87318
143 89412
146 91506
149 93600
152 95403
155 97206
158 99009
161 99651
164 100293
167 100935
170 100935
173 100935
176 100935
179 100935
182 100935
185 100935
188 100935
191 100935
194 100935
197 100935
200 100935
204 100935
207 100935
210 100935
213 100935
216 100935
219 100935
222 100935
225 100935
228 100935
231 100935
