0 0
3 0
6 0
9 0
12 1599
15 3198
18 4797
21 6672
25 8547
28 10422
31 12297
34 14385
37 16473
40 18561
43 20496
46 22431
49 24366
52 26235
55 28104
58 29973
61 31842
64 33711
67 35580
70 37449
73 39339
77 41229
80 43119
83 45288
86 47457
89 49626
92 51720
95 53814
98 55908
101 57783
104 59658
110 61533
113 63612
116 65691
119 67770
122 69900
125 72030
128 74160
131 77301
134 80442
137 83583
141 86724
144 90216
147 93708
150 97200
153 99276
156 101352
159 103428
162 105234
165 107040
168 108846
171 108846
174 108846
177 108846
180 108846
183 108846
186 108846
189 108846
192 108846
195 108846
198 108846
201 108846
204 108846
207 108846
210 108846
214 108846
217 108846
220 108846
223 108846
226 108846
229 108846
232 108846
235 108846
238 108846
