0 0
3 1752
6 2082
9 2412
12 2742
15 4821
18 6900
21 8979
24 11061
27 13143
30 15225
33 17307
36 19218
39 21129
43 23040
46 24960
49 26880
52 28800
55 30669
58 32538
61 34407
64 36237
67 38067
70 39897
73 41727
77 43806
80 45885
83 47964
86 49848
89 51732
92 53616
95 55680
98 57744
101 59808
107 61686
110 63564
113 65442
116 68403
119 71364
122 74325
125 78309
128 82293
131 86277
134 88389
138 90501
141 92613
144 94725
147 96624
150 98523
153 100422
156 100827
159 101232
162 101637
165 101637
168 101637
171 101637
174 101637
177 101637
180 101637
183 101637
187 101637
190 101637
193 101637
196 101637
199 101637
202 101637
205 101637
208 101637
211 101637
214 101637
217 101637
220 101637
223 101637
