0 0
3 138
6 276
9 414
12 552
15 2409
18 4266
21 6123
24 8187
27 10251
31 12315
34 14184
37 16053
40 17922
43 20025
46 22128
49 24231
52 26334
55 28398
58 30462
61 32526
64 34587
67 36648
70 38709
74 40587
77 42465
80 44343
83 46221
86 48375
89 50529
92 52683
95 54543
98 56403
101 58263
104 60324
110 62385
113 64206
116 66027
119 67848
122 69669
125 73083
129 76497
132 79911
135 83484
138 87057
141 90630
144 92547
147 94464
150 96381
153 96951
156 97521
159 98091
162 98661
165 98661
168 98661
171 98661
174 98661
178 98661
181 98661
184 98661
187 98661
190 98661
193 98661
196 98661
199 98661
203 98661
206 98661
209 98661
212 98661
215 98661
218 98661
221 98661
225 98661
228 98661
231 98661
234 98661
