0 0
4 0
7 0
10 699
13 1398
16 2097
19 3969
22 5841
25 7713
28 9795
31 11877
34 13959
37 16101
40 18243
43 20385
46 22527
49 24402
52 26277
55 28152
59 30234
62 32316
65 34398
68 36480
71 38562
74 40644
77 42570
80 44496
83 46422
86 48348
89 50442
92 52536
95 54630
98 56502
101 58374
104 60246
110 62118
113 63990
116 65862
119 67965
122 70068
125 72171
129 76833
132 81495
135 86157
138 88626
141 91095
144 93564
147 95640
150 97716
153 99792
156 101868
159 102450
162 103032
165 103614
168 103614
171 103614
174 103614
177 103614
180 103614
183 103614
186 103614
189 103614
193 103614
196 103614
199 103614
202 103614
205 103614
208 103614
211 103614
214 103614
217 103614
220 103614
223 103614
226 103614
229 103614
