0 0
3 0
6 0
9 744
12 1488
15 2232
18 4104
21 5976
24 7848
27 9930
30 12012
34 14094
37 16176
40 18318
43 20460
46 22602
49 24300
52 25998
55 27696
58 29793
61 31890
64 33987
67 35916
70 37845
73 39774
76 41703
79 43776
82 45849
85 47922
89 50001
92 52080
95 54159
98 56037
101 57915
104 59793
110 61737
113 63681
116 65625
119 68907
122 72189
125 75471
128 79533
131 83595
134 87657
137 89535
140 91413
143 93291
146 95169
149 96540
152 97911
156 99282
159 99282
162 99282
165 99282
168 99282
171 99282
174 99282
177 99282
180 99282
183 99282
186 99282
189 99282
192 99282
195 99282
198 99282
201 99282
204 99282
207 99282
210 99282
213 99282
216 99282
219 99282
222 99282
