0 0
3 0
6 0
9 1131
13 2262
16 3393
19 4524
22 6597
25 8670
28 10743
31 12819
34 14895
37 16971
40 18897
43 20823
46 22749
49 24819
52 26889
55 28959
59 31029
62 32895
65 34761
68 36627
71 38487
74 40347
77 42207
80 44343
83 46479
86 48615
89 50703
92 52791
95 54879
98 56967
101 58833
105 60699
111 62700
114 64701
117 66702
120 68523
123 70344
126 72165
130 75009
133 77853
136 80697
139 84705
142 88713
145 92721
148 96729
152 98505
155 100281
158 102057
161 103695
164 105333
167 106971
171 106983
174 106995
177 107007
180 107007
183 107007
186 107007
189 107007
192 107007
196 107007
199 107007
202 107007
205 107007
208 107007
211 107007
214 107007
217 107007
221 107007
224 107007
227 107007
230 107007
233 107007
236 107007
239 107007
