0 0
3 114
6 228
9 1461
12 2694
15 3927
18 5991
21 8055
24 10119
27 12183
30 14247
34 16311
37 18375
40 20283
43 22191
46 24099
49 26163
52 28227
55 30291
58 32136
61 33981
64 35826
67 37695
70 39564
73 41433
76 43302
80 45240
83 47178
86 49116
89 51156
92 53196
95 55236
98 57087
101 58938
108 60870
111 62802
114 64734
117 66507
120 68280
123 70053
126 71826
130 75585
133 79344
136 83103
139 85899
142 88695
146 91491
149 93207
152 94923
155 96639
158 98352
161 100065
164 101778
168 102048
171 102318
174 102588
177 102588
180 102588
183 102588
186 102588
189 102588
192 102588
195 102588
199 102588
202 102588
205 102588
208 102588
211 102588
214 102588
217 102588
220 102588
223 102588
227 102588
230 102588
233 102588
236 102588
239 102588
242 102588
245 102588
