0 0
3 0
6 0
9 867
12 1734
15 2601
18 4674
21 6747
24 8820
27 10893
31 12966
34 15039
37 17112
40 19032
43 20952
46 22872
49 24729
52 26586
55 28443
58 30519
61 32595
64 34671
67 36540
70 38409
73 40278
77 42147
80 44079
83 46011
86 47943
89 50034
92 52125
95 54216
98 56082
101 57948
104 59814
110 61884
113 63954
116 66024
119 68151
122 70278
125 72405
128 74733
131 77061
134 79389
138 84291
141 89193
144 94095
147 97164
150 100233
153 103302
156 106371
159 108267
162 110163
165 112059
168 114186
171 116313
174 118440
177 118698
180 118956
183 119214
186 119472
189 119472
193 119472
196 119472
199 119472
202 119472
205 119472
208 119472
211 119472
214 119472
217 119472
220 119472
224 119472
227 119472
230 119472
233 119472
237 119472
240 119472
243 119472
