0 0
3 0
6 0
9 1056
12 2112
15 3168
18 5034
21 6900
24 8766
27 10632
30 12501
33 14370
36 16239
40 18177
43 20115
46 22053
49 24129
52 26205
55 28281
58 30153
61 32025
64 33897
67 35769
70 37629
73 39489
76 41349
79 43449
82 45549
85 47649
88 49488
91 51327
94 53166
98 55005
101 56826
104 58647
110 60477
113 62307
116 64137
119 66243
122 68349
125 70455
128 73512
131 76569
134 79626
137 82683
141 86178
144 89673
147 93168
150 95199
153 97230
156 99261
159 101316
162 103371
165 105426
168 105849
171 106272
174 106695
177 107118
180 107118
183 107118
186 107118
189 107118
192 107118
195 107118
198 107118
202 107118
205 107118
208 107118
211 107118
214 107118
217 107118
220 107118
223 107118
226 107118
229 107805
232 108492
235 109179
