0 0
3 0
6 0
10 1122
13 2244
16 3366
19 5418
22 7470
25 9522
28 11574
31 13446
34 15318
37 17190
40 19137
43 21084
46 23031
49 25104
52 27177
55 29250
58 31323
61 33195
64 35067
67 36939
70 38817
73 40695
76 42573
80 44490
83 46407
86 48324
89 50196
92 52068
95 53940
98 55812
101 57684
104 59556
110 61449
113 63342
116 65235
119 67380
122 69525
125 71670
128 73815
131 75681
134 77547
137 79413
140 83283
143 87153
146 91023
149 93765
152 96507
155 99249
158 101991
161 103932
164 105873
167 107814
170 108786
173 109758
176 110730
180 110730
183 110730
186 110730
189 110730
192 110730
195 110730
198 110730
201 110730
204 110730
207 110730
210 110730
213 110730
216 110730
219 110730
222 110730
225 110730
228 110730
231 110730
234 110730
237 110730
240 110730
243 110730
