0 0
3 0
6 342
9 684
12 1026
15 3093
18 5160
21 7227
24 9294
27 11373
30 13452
33 15531
36 17442
39 19353
42 21264
45 23184
48 25104
52 27024
55 28944
58 31035
61 33126
64 35217
67 37089
70 38961
73 40833
76 42708
79 44583
82 46458
85 48615
88 50772
91 52929
94 55086
97 57186
100 59286
103 61386
109 63468
112 65550
116 67425
119 69300
122 71175
125 73050
128 74985
131 76920
134 78855
137 80955
140 83055
143 85155
146 89727
149 94299
152 98871
155 101373
158 103875
161 106377
164 108879
167 110799
170 112719
173 114639
176 115008
179 115377
182 115746
186 115746
189 115746
192 115746
195 115746
198 115746
201 115746
204 115746
207 115746
210 115746
213 115746
216 115746
219 115746
222 115746
225 115746
228 115746
231 115746
234 115746
237 115746
240 115746
243 115746
246 115746
