0 0
3 0
6 0
9 0
13 1776
16 3552
19 5328
22 7392
25 9456
28 11520
31 13584
34 15450
37 17316
40 19182
43 21291
47 23400
50 25509
53 27369
56 29229
59 31089
62 33132
65 35175
68 37218
71 39261
74 41127
77 42993
80 44859
84 46965
87 49071
90 51177
93 53001
96 54825
99 56649
102 58488
108 60327
112 62166
115 63942
118 65718
121 67494
124 71889
127 76284
131 80679
134 83286
137 85893
140 88500
143 90597
146 92694
149 94791
152 96285
155 97779
158 99273
161 100767
164 100767
167 100767
170 100767
173 100767
176 100767
179 100767
182 100767
186 100767
189 100767
192 100767
195 100767
198 100767
201 100767
204 100767
207 100767
210 100767
213 100767
216 100767
219 100767
222 100767
225 100767
