0 0
3 0
6 0
9 1104
12 2208
15 3312
18 5181
21 7050
24 8919
27 10788
30 12864
33 14940
36 17016
39 18954
42 20892
46 22830
49 24714
52 26598
55 28482
58 30564
61 32646
64 34728
67 36810
70 38688
73 40566
76 42444
79 44343
82 46242
85 48141
88 50223
91 52305
94 54387
97 56469
100 58551
103 60633
110 62514
113 64395
116 66276
119 68685
122 71094
125 73503
128 77901
131 82299
134 86697
137 91095
140 93066
143 95037
146 97008
149 98547
152 100086
155 101625
158 101625
161 101625
164 101625
167 101625
170 101625
174 101625
177 101625
180 101625
183 101625
186 101625
189 101625
192 101625
195 101625
198 101625
201 101625
204 101625
207 101625
210 101625
213 101625
216 101625
219 101625
222 101625
225 101625
228 101625
