0 0
3 0
7 0
10 855
13 1710
16 2565
19 4647
22 6729
25 8811
28 10893
31 12975
34 15057
37 17139
40 19071
43 21003
46 22935
49 24834
52 26733
55 28632
58 30507
61 32382
64 34257
67 36132
70 38214
74 40296
77 42378
80 44292
83 46206
86 48120
89 50208
92 52296
95 54384
98 56226
101 58068
104 59910
110 61734
113 63558
116 65382
119 67419
123 69456
126 71493
129 73395
132 75297
135 77199
138 79611
141 82023
144 84435
147 86847
150 91575
153 96303
156 101031
159 102987
162 104943
165 106899
168 108972
171 111045
175 113118
178 113664
181 114210
184 114756
187 115302
190 115302
193 115302
196 115302
199 115302
202 115302
205 115302
208 115302
211 115302
214 115302
217 115302
220 115302
223 115302
226 115302
229 115302
232 115302
236 115302
239 115302
242 115302
245 115302
248 115302
