0 0
3 0
6 0
9 1071
13 2142
16 3213
19 4284
22 6354
25 8424
28 10494
31 12360
34 14226
37 16092
40 18246
43 20400
46 22554
49 24420
52 26286
55 28152
58 30018
62 31893
65 33768
68 35643
71 37731
74 39819
77 41907
80 44073
83 46239
86 48405
89 50310
92 52215
95 54120
98 56025
101 57894
104 59763
110 61635
113 63507
116 65379
119 67524
122 69669
125 71814
129 73959
132 77514
135 81069
138 84624
141 88056
144 91488
147 94920
150 96999
153 99078
156 101157
159 103026
162 104895
165 106764
168 108633
171 108633
174 108633
177 108633
180 108633
183 108633
186 108633
189 108633
192 108633
196 108633
199 108633
202 108633
205 108633
208 108633
211 108633
214 108633
217 108633
220 108633
223 108633
226 108633
229 108633
232 108633
235 108633
