0 0
4 0
7 0
10 1245
13 2490
16 3735
19 4980
22 6852
25 8724
28 10596
31 12471
34 14346
37 16221
40 18372
43 20523
47 22674
50 24825
53 26682
56 28539
59 30396
62 32268
65 34140
68 36012
71 38079
74 40146
77 42213
80 44103
83 45993
86 47883
89 49773
92 51852
95 53931
98 56010
101 57882
104 59754
111 61869
114 63984
117 66099
120 68214
123 70143
126 72072
129 74001
132 78744
135 83487
138 88230
141 90576
144 92922
147 95268
150 97173
153 99078
156 100983
159 102888
162 103785
165 104682
168 105579
171 105579
174 105579
178 105579
181 105579
184 105579
187 105579
190 105579
193 105579
196 105579
199 105579
202 105579
205 105579
208 105579
211 105579
214 105579
217 105579
220 105579
223 105579
226 105579
229 105579
232 105579
