0 0
3 0
7 0
10 0
13 1782
16 3564
19 5346
22 7413
25 9480
28 11547
31 13614
35 15486
38 17358
41 19230
44 21156
47 23082
50 25008
53 27063
56 29118
59 31173
62 33039
65 34905
68 36771
72 38637
75 40728
78 42819
81 44910
84 46818
87 48726
90 50634
93 52683
96 54732
99 56781
102 58644
108 60507
112 62370
115 64443
118 66516
121 68589
124 70491
127 72393
130 74295
133 77910
136 81525
139 85140
142 88470
145 91800
149 95130
152 98460
155 100515
158 102570
161 104625
164 106710
167 108795
170 110880
173 111360
176 111840
179 112320
182 112320
185 112320
189 112320
192 112320
195 112320
198 112320
201 112320
204 112320
207 112320
210 112320
213 112320
216 112320
219 112320
222 112320
225 112320
228 112320
231 112320
235 112320
238 112320
