0 0
4 0
7 0
10 0
13 1776
16 3552
19 5328
23 7251
26 9174
29 11097
32 12870
35 14643
38 16416
41 18522
44 20628
47 22734
51 24840
54 26676
57 28512
60 30348
63 32208
66 34068
69 35928
72 37809
75 39690
78 41571
81 43503
84 45435
87 47367
90 49299
93 51354
97 53409
100 55464
103 57324
109 59184
112 61251
115 63318
118 65385
121 67779
124 70173
127 72567
130 74961
133 79215
136 83469
139 87723
142 89772
146 91821
149 93870
152 95928
155 97986
158 100044
161 100266
164 100488
167 100710
170 100932
173 100932
176 100932
179 100932
182 100932
185 100932
188 100932
191 100932
194 100932
197 100932
200 100932
203 100932
207 100932
210 100932
213 100932
216 100932
219 100932
222 100932
225 100932
228 100932
231 100932
