0 0
3 0
6 0
9 990
12 1980
15 2970
18 5010
21 7050
24 9090
27 11130
30 12951
34 14772
37 16593
40 18468
43 20343
46 22218
49 24057
52 25896
55 27735
58 29769
61 31803
64 33837
67 35871
70 37914
73 39957
76 42000
79 43902
82 45804
85 47706
89 49629
92 51552
95 53475
98 55347
101 57219
104 59091
110 60963
113 62835
116 64707
119 66603
122 68499
125 70395
128 74712
131 79029
134 83346
137 87663
140 90021
143 92379
146 94737
149 96606
152 98475
155 100344
158 102084
161 103824
164 105564
167 107304
170 107304
173 107304
176 107304
179 107304
182 107304
185 107304
188 107304
192 107304
195 107304
198 107304
201 107304
204 107304
207 107304
210 107304
213 107304
216 107304
219 107304
222 107304
225 107304
228 107304
