0 0
3 0
6 0
9 708
12 1416
15 2124
19 3999
22 5874
25 7749
28 9621
31 11493
34 13365
37 15429
40 17493
43 19557
46 21621
49 23484
52 25347
55 27210
58 29283
61 31356
65 33429
68 35277
71 37125
74 38973
77 41082
80 43191
83 45300
86 47409
89 49263
93 51117
96 52971
99 54783
102 56595
105 58407
111 60480
114 62553
117 64431
120 66309
123 68187
126 70065
129 71985
132 73905
135 75825
139 80361
142 84897
145 89433
148 91794
151 94155
154 96516
157 98559
160 100602
163 102645
167 102726
170 102807
173 102888
176 102969
179 102969
182 102969
185 102969
188 102969
191 102969
194 102969
197 102969
200 102969
204 102969
207 102969
210 102969
213 102969
216 102969
219 102969
222 102969
225 102969
228 102969
232 102969
235 102969
238 102969
