0 0
3 0
6 687
9 1374
12 2061
15 2748
18 4575
21 6402
24 8229
27 10284
31 12339
34 14394
37 16323
40 18252
43 20181
46 22053
49 23925
52 25797
55 27669
58 29541
61 31413
64 33285
67 35355
70 37425
73 39495
76 41445
79 43395
82 45345
85 47295
88 49206
91 51117
94 53028
97 54900
100 56772
103 58644
109 60516
112 62388
116 64260
119 66396
122 68532
125 70668
128 72558
131 74448
134 76338
137 79338
140 82338
143 85338
146 88950
149 92562
152 96174
155 99786
158 101718
161 103650
164 105582
167 107055
170 108528
173 110001
176 110001
179 110001
182 110001
185 110001
188 110001
191 110001
194 110001
197 110001
200 110001
203 110001
206 110001
209 110001
212 110001
216 110001
219 110001
222 110001
225 110001
228 110001
231 110001
234 110001
237 110001
240 110001
243 110001
