0 0
3 87
6 531
9 975
13 1419
16 3477
19 5535
22 7593
25 9660
28 11727
31 13794
34 15861
37 17760
40 19659
43 21558
47 23439
50 25320
53 27201
56 29262
59 31323
62 33384
65 35244
68 37104
71 38964
74 40824
77 42732
80 44640
83 46548
86 48642
89 50736
92 52830
96 54693
99 56556
102 58419
108 60276
111 62133
114 63990
117 65889
120 67788
123 69687
126 72576
129 75465
133 78354
136 82062
139 85770
142 89478
145 91308
148 93138
151 94968
154 96798
157 98535
161 100272
164 102009
167 103179
170 104349
173 105519
176 105519
179 105519
182 105519
186 105519
189 105519
192 105519
195 105519
199 105519
202 105519
205 105519
209 105519
212 105519
215 105519
219 105519
222 105519
225 105519
229 105519
232 105519
235 105519
238 105519
