0 0
3 0
6 0
9 1083
12 2166
15 3249
18 5112
22 6975
25 8838
28 10689
31 12540
34 14391
37 16293
40 18195
43 20097
47 21999
50 24069
53 26139
56 28209
59 30261
62 32313
65 34365
68 36222
71 38079
74 39936
78 41841
81 43746
84 45651
87 47556
90 49461
93 51366
96 53271
99 55125
102 56979
108 59040
111 61101
114 63162
117 65043
120 66924
124 68805
127 72957
130 77109
133 81261
136 85413
139 87879
142 90345
145 92811
148 94878
151 96945
154 99012
157 100119
160 101226
163 102333
166 103440
169 103440
172 103440
175 103440
179 103440
182 103440
185 103440
188 103440
191 103440
194 103440
197 103440
200 103440
203 103440
206 103440
209 103440
212 103440
215 103440
218 103440
221 103440
224 103440
227 103440
231 103440
