0 0
3 0
7 0
10 0
13 1728
16 3456
20 5184
23 6915
26 8646
29 10377
32 12330
35 14283
39 16236
42 18021
45 19806
48 21591
51 23517
54 25443
58 27369
61 29244
64 31119
67 32994
70 34869
73 36840
76 38811
79 40782
82 42918
85 45054
89 47190
92 49065
95 50940
98 52815
101 54672
107 56529
110 58386
113 60246
116 62106
119 63966
122 66435
125 68904
128 71373
131 75735
134 80097
138 84459
141 88821
144 90918
147 93015
150 95112
153 96969
156 98826
159 100683
162 100746
165 100809
168 100872
171 100872
174 100872
177 100872
180 100872
183 100872
186 100872
189 100872
192 100872
195 100872
199 100872
202 100872
205 100872
208 100872
211 100872
214 100872
217 100872
220 100872
223 100872
226 100872
229 100872
232 100872
