0 0
3 0
6 0
9 1110
12 2220
15 3330
18 5355
21 7380
24 9405
27 11430
30 13500
33 15570
36 17640
39 19578
42 21516
45 23454
48 25335
51 27216
54 29097
58 30978
61 32850
64 34722
67 36594
70 38472
73 40350
76 42228
79 44172
82 46116
85 48060
88 49965
91 51870
94 53775
97 55680
100 57552
103 59424
109 61296
112 63168
115 65040
118 68121
121 71202
124 74283
127 77364
130 80910
133 84456
136 88002
139 89922
142 91842
146 93762
149 94506
152 95250
155 95994
158 95994
161 95994
164 95994
167 95994
170 95994
173 95994
176 95994
179 95994
182 95994
185 95994
188 95994
191 95994
194 95994
197 95994
200 95994
