0 0
3 0
6 540
9 1080
12 1620
15 3441
18 5262
21 7083
25 8904
28 10734
31 12564
34 14394
37 16461
40 18528
43 20595
46 22638
49 24681
52 26724
55 28758
59 30792
62 32826
65 34638
68 36450
71 38262
74 40074
77 41946
80 43818
83 45690
86 47754
89 49818
92 51882
95 53697
98 55512
101 57327
107 59145
110 60963
113 62781
117 64626
120 66471
123 68316
126 71166
129 74016
132 76866
135 80904
138 84942
141 88980
144 93018
147 95100
150 97182
153 99264
156 101163
159 103062
162 104961
165 105834
168 106707
171 107580
174 108453
177 108453
180 108453
183 108453
186 108453
189 108453
192 108453
195 108453
198 108453
201 108453
204 108453
207 108453
210 108453
213 108453
217 108453
220 108453
223 108453
226 108453
229 108453
232 108453
