0 0
3 0
6 270
10 540
13 810
16 2892
19 4974
22 7056
25 9135
28 11214
31 13293
34 15372
37 17280
40 19188
43 21096
46 23214
49 25332
52 27450
55 29322
58 31194
62 33066
65 34938
68 36813
71 38688
74 40563
77 42663
80 44763
83 46863
86 49035
89 51207
92 53379
95 55263
98 57147
101 59031
104 60915
110 62997
113 65079
116 67161
119 69243
122 71325
125 74544
129 77763
132 80982
135 84201
138 87675
141 91149
144 94623
147 96702
150 98781
153 100860
156 101679
159 102498
162 103317
165 103317
168 103317
171 103317
174 103317
177 103317
180 103317
183 103317
186 103317
189 103317
192 103317
196 103317
199 103317
202 103317
205 103317
208 103317
211 103317
214 103317
217 103317
220 103317
223 103317
226 103317
229 103317
232 103317
