0 0
3 0
6 693
9 1386
12 2079
15 2772
18 4845
21 6918
24 8991
27 10863
30 12735
33 14607
36 16530
39 18453
42 20376
45 22299
48 24201
51 26103
54 28005
58 29871
61 31737
64 33603
67 35688
70 37773
73 39858
76 41781
79 43704
82 45627
85 47550
88 49482
91 51414
94 53346
97 55218
100 57090
103 58962
109 60837
112 62712
115 64587
118 66681
121 68775
124 70869
127 74547
130 78225
133 81903
136 85224
139 88545
142 91866
146 95187
149 97059
152 98931
155 100803
158 102459
161 104115
164 105771
167 105771
170 105771
173 105771
176 105771
179 105771
182 105771
185 105771
188 105771
191 105771
194 105771
197 105771
200 105771
203 105771
206 105771
209 105771
212 105771
215 105771
218 105771
221 105771
224 105771
227 105771
230 105771
