0 0
3 0
6 324
9 648
12 972
15 2844
19 4716
22 6588
25 8460
28 10539
31 12618
34 14697
37 16602
40 18507
43 20412
46 22548
49 24684
52 26820
55 28689
58 30558
61 32427
65 34296
68 36378
71 38460
74 40542
77 42666
80 44790
83 46914
86 48846
89 50778
92 52710
95 54780
98 56850
101 58920
104 60990
110 63063
113 65136
116 67023
119 68910
123 70797
126 74376
129 77955
132 81534
135 85113
138 88548
141 91983
144 95418
147 97284
150 99150
153 101016
156 103008
159 105000
162 106992
165 106992
168 106992
171 106992
174 106992
177 106992
180 106992
183 106992
186 106992
190 106992
193 106992
196 106992
199 106992
202 106992
205 106992
208 106992
211 106992
214 106992
217 106992
220 106992
223 106992
226 106992
229 106992
232 106992
235 106992
238 106992
241 106992
244 106992
247 106992
251 106992
254 106992
257 106992
260 106992
