0 0
3 0
6 0
10 945
13 1890
16 2835
19 4674
22 6513
25 8352
28 10374
31 12396
34 14418
37 16440
40 18306
43 20172
46 22038
49 23868
53 25698
56 27528
59 29373
62 31218
65 33063
68 35088
71 37113
74 39138
77 41163
80 43023
83 44883
86 46743
89 48768
92 50793
95 52818
99 54651
102 56484
105 58317
111 60177
114 62037
117 63897
120 65976
123 68055
126 70134
129 71967
132 73800
135 75633
138 79728
141 83823
144 87918
147 92013
150 94698
153 97383
157 100068
160 102183
163 104298
166 106413
169 106737
172 107061
175 107385
178 107385
181 107385
184 107385
187 107385
190 107385
193 107385
196 107385
199 107385
202 107385
205 107385
208 107385
211 107385
214 107385
217 107385
220 107385
223 107385
226 107385
229 107385
232 107385
235 107385
238 107385
241 107385
