0 0
4 0
7 756
10 1512
14 2268
17 3987
20 5706
24 7425
27 9369
30 11313
33 13257
36 15219
40 17181
43 19143
46 20904
49 22665
52 24426
56 26307
59 28188
62 30069
65 31950
68 33693
71 35436
75 37179
78 39183
81 41187
84 43191
87 45192
90 47193
94 49194
97 50910
100 52626
103 54342
109 56238
113 58134
116 60024
119 61914
122 63804
125 65694
128 67821
131 69948
134 72075
137 76044
140 80013
143 83982
146 86598
149 89214
153 91830
156 93696
159 95562
162 97428
165 99294
168 100554
171 101814
174 103074
177 103074
180 103074
183 103074
186 103074
189 103074
192 103074
195 103074
198 103074
201 103074
204 103074
207 103074
210 103074
213 103074
216 103074
220 103074
223 103074
226 103074
229 103074
232 103074
235 103074
238 103074
241 103074
