0 0
3 0
6 0
9 0
12 1557
15 3114
18 4671
21 6750
24 8829
27 10908
30 12789
33 14670
36 16551
39 18432
42 20364
46 22296
49 24228
52 26103
55 27978
58 29853
61 31719
64 33585
67 35451
70 37335
73 39219
76 41103
79 42987
82 44928
85 46869
88 48810
91 50904
94 52998
97 55092
100 56964
103 58836
110 60708
113 62586
116 64464
119 66342
122 68505
125 70668
128 72831
131 76695
134 80559
137 84423
140 87567
143 90711
146 93855
149 96999
152 98874
155 100749
158 102624
161 104694
164 106764
167 108834
171 108873
174 108912
177 108951
180 108990
183 108990
186 108990
189 108990
192 108990
195 108990
198 108990
201 108990
204 108990
207 108990
210 108990
213 108990
216 108990
219 108990
222 108990
225 108990
228 108990
231 108990
234 108990
