0 0
3 0
6 0
10 0
13 2031
16 4062
19 6093
22 8157
25 10221
28 12285
31 14349
34 16233
37 18117
40 20001
43 21915
46 23829
50 25743
53 27801
56 29859
59 31917
62 33765
65 35613
68 37461
71 39309
74 41205
77 43101
80 44997
83 47127
86 49257
90 51387
93 53247
96 55107
99 56967
102 58893
108 60819
112 62745
115 64425
118 66105
121 67785
124 70527
127 73269
130 76011
134 80079
137 84147
140 88215
143 90201
146 92187
149 94173
153 95865
156 97557
159 99249
162 99597
165 99945
168 100293
171 100641
174 100641
178 100641
181 100641
184 100641
187 100641
190 100641
193 100641
196 100641
199 100641
202 100641
205 100641
209 100641
212 100641
215 100641
218 100641
221 100641
224 100641
227 100641
230 100641
234 100641
