0 0
3 24
6 117
9 210
12 303
15 2382
18 4461
21 6540
25 8412
28 10284
31 12156
34 14028
37 16134
40 18240
43 20346
46 22488
49 24630
52 26772
55 28647
58 30522
61 32397
64 34479
67 36561
70 38643
73 40725
77 42636
80 44547
83 46458
86 48606
89 50754
92 52902
95 54774
98 56646
101 58518
104 60387
110 62256
113 64125
116 66213
119 68301
122 70389
125 73965
128 77541
131 81117
135 85527
138 89937
141 94347
144 98757
147 101265
150 103773
153 106281
156 108057
159 109833
162 111609
165 113193
168 114777
171 116361
174 116388
177 116415
180 116442
183 116469
186 116469
189 116469
192 116469
195 116469
198 116469
201 116469
204 116469
207 116469
210 116469
214 116469
217 116469
220 116469
223 116469
226 116469
229 116469
232 116469
235 116469
