0 0
4 0
7 0
10 1047
13 2094
16 3141
19 5013
22 6885
25 8757
28 10629
31 12504
34 14379
37 16254
40 18411
43 20568
46 22725
49 24606
52 26487
55 28368
59 30249
62 32331
65 34413
68 36495
71 38376
74 40257
77 42138
80 44298
83 46458
86 48618
89 50514
92 52410
95 54306
98 56202
101 58284
104 60366
110 62235
113 64104
116 65973
119 68352
122 70731
126 73110
129 75489
132 79896
135 84303
138 88710
141 90738
144 92766
147 94794
150 96582
153 98370
156 100158
159 100821
162 101484
165 102147
168 102810
171 102810
174 102810
177 102810
180 102810
183 102810
186 102810
190 102810
193 102810
196 102810
199 102810
202 102810
205 102810
208 102810
211 102810
214 102810
217 102810
220 102810
223 102810
226 102810
229 102810
