0 0
3 0
6 0
9 942
12 1884
15 2826
18 4701
21 6576
25 8451
28 10326
31 12408
34 14490
37 16572
40 18510
43 20448
46 22386
49 24465
52 26544
55 28623
58 30498
61 32373
64 34248
67 36123
70 37995
73 39867
76 41739
79 43872
83 46005
86 48138
89 50043
92 51948
95 53853
98 55758
101 57840
104 59922
110 61797
113 63672
116 65547
119 67440
122 69333
125 71226
128 73449
131 75672
134 77895
137 80118
140 85020
144 89922
147 94824
150 97209
153 99594
156 101979
159 103731
162 105483
165 107235
168 107235
171 107235
174 107235
177 107235
180 107235
183 107235
186 107235
189 107235
192 107235
195 107235
198 107235
201 107235
204 107235
207 107235
210 107235
213 107235
216 107235
220 107235
223 107235
226 107235
229 107235
232 107235
235 107235
238 107235
