0 0
3 0
6 0
9 753
12 1506
15 2259
19 4338
22 6417
25 8496
28 10371
31 12246
34 14121
37 16263
40 18405
43 20547
46 22689
49 24768
52 26847
55 28926
58 30798
61 32670
64 34542
68 36627
71 38712
74 40797
77 42732
80 44667
83 46602
86 48537
89 50649
92 52761
95 54873
98 56748
101 58623
104 60498
110 62373
113 64248
116 66123
119 68259
122 70395
126 72531
129 74448
132 76365
135 78282
138 81921
141 85560
144 89199
147 92520
150 95841
153 99162
156 102483
159 104613
162 106743
165 108873
168 110745
171 112617
174 114489
177 114558
180 114627
183 114696
186 114765
189 114765
192 114765
196 114765
199 114765
202 114765
205 114765
208 114765
211 114765
214 114765
217 114765
220 114765
223 114765
226 114765
229 114765
232 114765
235 114765
238 114765
241 114765
244 114765
247 114765
250 114765
253 114765
256 114765
259 114765
262 114765
266 114765
269 114765
272 114765
275 114765
278 114765
281 114765
284 114765
287 114765
290 114765
293 114765
296 114765
299 114765
302 114765
305 114765
