4 0 0 1
4 0 0 1
4 0 0 1
4 0 0 1
4 0 0 1
4 0 0 1
4 0 0 1
4 0 0 1
4 0 0 1
4 0 0 1
5 0 0 1
5 0 0 1
5 0 0 1
5 0 0 1
5 0 0 1
5 0 0 1
5 0 0 1
5 0 0 1
5 0 0 1
5 0 0 1
6 0 0 1
6 0 0 1
6 0 0 1
6 0 0 1
6 0 0 1
6 0 0 1
6 0 0 1
6 0 0 1
6 0 0 1
6 0 0 1
7 0 0 1
7 0 0 1
7 0 0 1
7 0 0 1
7 0 0 1
7 0 0 1
7 0 0 1
7 0 0 1
7 0 0 1
7 0 0 1
8 0 0 1
8 0 0 1
8 0 0 1
8 0 0 1
8 0 0 1
8 0 0 1
8 0 0 1
8 0 0 1
8 0 0 1
8 0 0 1
9 0 0 1
9 0 0 1
9 0 0 1
9 0 0 1
9 0 0 1
9 0 0 1
9 0 0 1
9 0 0 1
9 0 0 1
9 0 0 1
10 0 0 1
10 0 0 1
10 0 0 1
10 0 0 1
10 0 0 1
10 0 0 1
10 0 0 1
10 0 0 1
10 0 0 1
10 0 0 1
11 0 0 1
11 0 0 1
11 0 0 1
11 0 0 1
11 0 0 1
11 0 0 1
11 0 0 1
11 0 0 1
11 0 0 1
11 0 0 1
12 0 0 1
12 0 0 1
12 0 0 1
12 0 0 1
12 0 0 1
12 0 0 1
12 0 0 1
12 0 0 1
12 0 0 1
12 0 0 1
2 3 3 4 5 6 7 8 9 10
