0 0
3 0
6 0
9 0
12 1542
15 3084
18 4626
21 6657
24 8688
27 10719
31 12555
34 14391
37 16227
40 18132
43 20037
46 21942
49 23847
52 25890
55 27933
58 29976
61 31848
64 33720
67 35592
70 37470
73 39348
76 41226
79 43104
82 45042
85 46980
88 48918
91 50838
94 52758
97 54678
101 56550
104 58422
110 60504
113 62586
116 64668
119 66750
122 69369
125 71988
128 74607
131 78660
134 82713
137 86766
140 88638
143 90510
146 92382
149 94254
152 96072
155 97890
158 99708
161 99708
164 99708
167 99708
170 99708
173 99708
176 99708
179 99708
182 99708
185 99708
188 99708
191 99708
194 99708
197 99708
200 99708
203 99708
206 99708
210 99708
213 99708
216 99708
219 99708
222 99708
225 99708
228 99708
